50 Connection
Wordpress 1	50	41	36	48	4.512482430318234	0.0	13.299577613516368	339.61894469376983	1.5210450765575503	26347.04
Wordpress 2	50	34	32	49	3.4715818825391413	0.0	13.355567338282079	341.05953406680806	1.527497017497349	26347.04

133 Connection :
Wordpress 1	133	42	36	85	7.443069776168732	0.0	3.593429158110883	92.45726576009132	0.4140865631416838	26347.045112781954
Wordpress 2	133	35	32	75	6.656101829128407	0.0	3.5950804162724697	92.49975186680633	0.4142768448438979	26347.045112781954

233 Connection :
Wordpress 1	233	42	36	85	7.353074982014957	0.0	2.7722253950123736	71.32806783400557	0.319455660753379	26347.042918454936
Wordpress 2	233	36	32	92	7.997153613249237	0.0	2.7726872456386698	71.33995103544399	0.3195088818216436	26347.042918454936